   0.0000000e+00   1.0010670e+01
   3.0612245e-01   1.3896729e+01
   6.1224490e-01   1.9247285e+01
   9.1836735e-01   2.5877574e+01
   1.2244898e+00   3.4910763e+01
   1.5306122e+00   4.6242353e+01
   1.8367347e+00   6.1640733e+01
   2.1428571e+00   7.8657030e+01
   2.4489796e+00   9.6725769e+01
   2.7551020e+00   1.1645258e+02
   3.0612245e+00   1.3278740e+02
   3.3673469e+00   1.4636316e+02
   3.6734694e+00   1.5546701e+02
   3.9795918e+00   1.5850893e+02
   4.2857143e+00   1.5599623e+02
   4.5918367e+00   1.4837300e+02
   4.8979592e+00   1.3719937e+02
   5.2040816e+00   1.2395229e+02
   5.5102041e+00   1.1036011e+02
   5.8163265e+00   9.6245691e+01
   6.1224490e+00   8.3702256e+01
   6.4285714e+00   7.1297361e+01
   6.7346939e+00   5.9852205e+01
   7.0408163e+00   5.0975314e+01
   7.3469388e+00   4.2272917e+01
   7.6530612e+00   3.5887543e+01
   7.9591837e+00   2.9451109e+01
   8.2653061e+00   2.4435147e+01
   8.5714286e+00   1.9865239e+01
   8.8775510e+00   1.6739233e+01
   9.1836735e+00   1.3657308e+01
   9.4897959e+00   1.1273446e+01
   9.7959184e+00   9.0949548e+00
   1.0102041e+01   7.7455362e+00
   1.0408163e+01   5.4099070e+00
   1.0714286e+01   5.1145913e+00
   1.1020408e+01   4.4757742e+00
   1.1326531e+01   3.3315144e+00
   1.1632653e+01   2.9573770e+00
   1.1938776e+01   2.0809496e+00
   1.2244898e+01   1.9104268e+00
   1.2551020e+01   1.3324694e+00
   1.2857143e+01   1.6022826e+00
   1.3163265e+01   1.1623959e+00
   1.3469388e+01   1.2636154e+00
   1.3775510e+01   6.6388120e-01
   1.4081633e+01   5.3457790e-01
   1.4387755e+01   5.5120553e-01
   1.4693878e+01   8.2746893e-01
   1.5000000e+01  -4.5396092e-01
